; Lookup table
;number of bins in Meek's time to distance lookup table
sdriftbins=138
;number of 1st bin in Meek's table in ns
sdrift1stbin=-24
;bin size in ns of Meek's table
sdriftbinsz=2
swc1u1fract=0.0003,0.0006,0.0009,0.0012,0.0015,0.0018,0.0022,0.0026
0.0029,0.0032,0.0035,0.0038,0.0042,0.0049,0.0057,0.0072,0.0095,0.0129
0.0180,0.0244,0.0322,0.0415,0.0517,0.0638,0.0781,0.0936,0.1097,0.1280
0.1483,0.1701,0.1922,0.2155,0.2397,0.2644,0.2902,0.3157,0.3421,0.3675
0.3944,0.4199,0.4453,0.4718,0.4963,0.5215,0.5461,0.5696,0.5930,0.6155
0.6377,0.6585,0.6787,0.6985,0.7179,0.7375,0.7552,0.7728,0.7906,0.8071
0.8229,0.8390,0.8542,0.8679,0.8804,0.8915,0.9015,0.9106,0.9184,0.9256
0.9317,0.9371,0.9420,0.9464,0.9507,0.9542,0.9573,0.9601,0.9630,0.9653
0.9679,0.9701,0.9722,0.9739,0.9758,0.9773,0.9787,0.9801,0.9813,0.9824
0.9832,0.9842,0.9849,0.9856,0.9862,0.9867,0.9873,0.9880,0.9884,0.9888
0.9893,0.9897,0.9902,0.9906,0.9910,0.9915,0.9918,0.9921,0.9925,0.9928
0.9931,0.9934,0.9937,0.9941,0.9947,0.9950,0.9952,0.9956,0.9959,0.9963
0.9965,0.9968,0.9971,0.9972,0.9975,0.9977,0.9980,0.9984,0.9987,0.9989
0.9991,0.9993,0.9995,0.9997,0.9999,0.9999,1.0000,1.0000,1.0000,1.0000
swc1u2fract=0.0002,0.0006,0.0008,0.0011,0.0014,0.0018,0.0022,0.0026
0.0030,0.0033,0.0036,0.0039,0.0042,0.0045,0.0050,0.0058,0.0070,0.0087
0.0118,0.0163,0.0223,0.0295,0.0377,0.0481,0.0609,0.0742,0.0887,0.1057
0.1244,0.1442,0.1652,0.1879,0.2111,0.2351,0.2608,0.2867,0.3121,0.3379
0.3641,0.3902,0.4150,0.4403,0.4653,0.4908,0.5151,0.5382,0.5612,0.5847
0.6064,0.6286,0.6504,0.6704,0.6900,0.7098,0.7294,0.7480,0.7666,0.7845
0.8015,0.8188,0.8340,0.8479,0.8627,0.8752,0.8872,0.8976,0.9069,0.9151
0.9223,0.9289,0.9347,0.9399,0.9448,0.9491,0.9529,0.9562,0.9593,0.9623
0.9648,0.9671,0.9691,0.9712,0.9731,0.9750,0.9765,0.9779,0.9792,0.9803
0.9815,0.9825,0.9835,0.9842,0.9850,0.9859,0.9865,0.9872,0.9876,0.9881
0.9886,0.9891,0.9897,0.9900,0.9904,0.9908,0.9911,0.9915,0.9918,0.9922
0.9926,0.9932,0.9936,0.9939,0.9942,0.9945,0.9948,0.9951,0.9954,0.9957
0.9958,0.9959,0.9962,0.9965,0.9968,0.9972,0.9975,0.9978,0.9981,0.9983
0.9986,0.9988,0.9991,0.9994,0.9996,0.9997,0.9999,1.0000,1.0000,1.0000
swc1x1fract=0.0002,0.0004,0.0008,0.0009,0.0011,0.0013,0.0015,0.0018
0.0021,0.0024,0.0026,0.0029,0.0033,0.0037,0.0042,0.0049,0.0058,0.0074
0.0107,0.0144,0.0207,0.0285,0.0378,0.0480,0.0607,0.0748,0.0913,0.1094
0.1286,0.1499,0.1715,0.1943,0.2181,0.2425,0.2673,0.2929,0.3185,0.3434
0.3678,0.3929,0.4177,0.4434,0.4680,0.4919,0.5156,0.5388,0.5626,0.5858
0.6083,0.6303,0.6509,0.6706,0.6897,0.7089,0.7287,0.7484,0.7662,0.7831
0.8000,0.8166,0.8329,0.8481,0.8628,0.8765,0.8884,0.8995,0.9088,0.9173
0.9247,0.9310,0.9370,0.9419,0.9468,0.9509,0.9548,0.9584,0.9614,0.9638
0.9665,0.9690,0.9711,0.9730,0.9746,0.9762,0.9777,0.9790,0.9801,0.9812
0.9822,0.9830,0.9839,0.9846,0.9854,0.9861,0.9867,0.9874,0.9879,0.9885
0.9889,0.9895,0.9898,0.9902,0.9907,0.9910,0.9915,0.9919,0.9922,0.9925
0.9928,0.9931,0.9934,0.9937,0.9941,0.9943,0.9946,0.9949,0.9953,0.9955
0.9959,0.9962,0.9964,0.9967,0.9969,0.9972,0.9976,0.9977,0.9979,0.9981
0.9983,0.9985,0.9987,0.9991,0.9992,0.9993,0.9995,0.9997,0.9999,1.0000
swc1x2fract=0.0003,0.0006,0.0009,0.0012,0.0015,0.0018,0.0021,0.0025
0.0027,0.0030,0.0032,0.0037,0.0041,0.0048,0.0057,0.0074,0.0097,0.0135
0.0176,0.0233,0.0300,0.0385,0.0489,0.0610,0.0749,0.0902,0.1067,0.1253
0.1448,0.1653,0.1873,0.2102,0.2341,0.2586,0.2832,0.3086,0.3343,0.3597
0.3860,0.4122,0.4373,0.4632,0.4891,0.5140,0.5391,0.5630,0.5857,0.6086
0.6300,0.6511,0.6721,0.6917,0.7121,0.7308,0.7502,0.7684,0.7862,0.8032
0.8191,0.8352,0.8500,0.8642,0.8770,0.8885,0.8992,0.9082,0.9170,0.9243
0.9312,0.9368,0.9421,0.9471,0.9513,0.9551,0.9585,0.9617,0.9646,0.9672
0.9695,0.9715,0.9735,0.9752,0.9766,0.9780,0.9794,0.9804,0.9816,0.9824
0.9833,0.9841,0.9848,0.9853,0.9860,0.9867,0.9872,0.9879,0.9884,0.9888
0.9892,0.9896,0.9900,0.9904,0.9908,0.9913,0.9915,0.9919,0.9922,0.9925
0.9930,0.9934,0.9938,0.9942,0.9945,0.9949,0.9953,0.9955,0.9959,0.9961
0.9965,0.9968,0.9970,0.9972,0.9975,0.9977,0.9980,0.9983,0.9984,0.9986
0.9989,0.9992,0.9995,0.9996,0.9998,0.9999,1.0000,1.0000,1.0000,1.0000
swc1v1fract=0.0003,0.0006,0.0008,0.0012,0.0015,0.0019,0.0021,0.0024
0.0027,0.0031,0.0035,0.0040,0.0043,0.0049,0.0056,0.0069,0.0088,0.0119
0.0165,0.0227,0.0299,0.0386,0.0493,0.0610,0.0746,0.0891,0.1053,0.1241
0.1445,0.1648,0.1861,0.2087,0.2333,0.2575,0.2830,0.3087,0.3344,0.3612
0.3881,0.4143,0.4389,0.4642,0.4898,0.5151,0.5397,0.5641,0.5879,0.6102
0.6317,0.6520,0.6728,0.6932,0.7131,0.7321,0.7507,0.7690,0.7866,0.8044
0.8210,0.8359,0.8508,0.8643,0.8772,0.8889,0.8994,0.9087,0.9171,0.9245
0.9311,0.9367,0.9419,0.9463,0.9507,0.9543,0.9576,0.9605,0.9633,0.9659
0.9682,0.9704,0.9722,0.9741,0.9756,0.9770,0.9784,0.9796,0.9809,0.9819
0.9828,0.9837,0.9847,0.9854,0.9862,0.9870,0.9875,0.9881,0.9885,0.9891
0.9896,0.9901,0.9905,0.9910,0.9913,0.9916,0.9920,0.9924,0.9928,0.9931
0.9935,0.9938,0.9940,0.9943,0.9946,0.9950,0.9953,0.9955,0.9959,0.9963
0.9966,0.9968,0.9972,0.9974,0.9977,0.9980,0.9982,0.9986,0.9988,0.9991
0.9993,0.9995,0.9997,0.9999,1.0000,1.0000,1.0000,1.0000,1.0000,1.0000
swc1v2fract=0.0002,0.0004,0.0009,0.0012,0.0015,0.0018,0.0022,0.0025
0.0028,0.0032,0.0035,0.0040,0.0043,0.0048,0.0054,0.0063,0.0083,0.0109
0.0148,0.0198,0.0264,0.0340,0.0440,0.0559,0.0698,0.0840,0.1000,0.1183
0.1380,0.1587,0.1807,0.2035,0.2277,0.2523,0.2784,0.3023,0.3278,0.3530
0.3794,0.4062,0.4309,0.4571,0.4822,0.5079,0.5316,0.5552,0.5783,0.6019
0.6246,0.6465,0.6674,0.6866,0.7064,0.7247,0.7443,0.7625,0.7805,0.7978
0.8145,0.8303,0.8454,0.8599,0.8726,0.8844,0.8953,0.9042,0.9126,0.9202
0.9265,0.9326,0.9379,0.9428,0.9469,0.9507,0.9539,0.9570,0.9603,0.9628
0.9654,0.9679,0.9700,0.9719,0.9736,0.9755,0.9770,0.9784,0.9797,0.9808
0.9820,0.9830,0.9840,0.9848,0.9854,0.9862,0.9869,0.9875,0.9880,0.9885
0.9890,0.9893,0.9897,0.9901,0.9904,0.9908,0.9913,0.9917,0.9921,0.9925
0.9928,0.9932,0.9936,0.9938,0.9942,0.9944,0.9948,0.9951,0.9954,0.9956
0.9959,0.9962,0.9965,0.9968,0.9972,0.9975,0.9978,0.9980,0.9984,0.9986
0.9989,0.9990,0.9993,0.9995,0.9997,0.9999,1.0000,1.0000,1.0000,1.0000
swc2u1fract=0.0003,0.0004,0.0006,0.0008,0.0011,0.0014,0.0016,0.0019
0.0023,0.0025,0.0027,0.0032,0.0034,0.0038,0.0042,0.0046,0.0055,0.0073
0.0109,0.0157,0.0218,0.0296,0.0395,0.0499,0.0634,0.0788,0.0953,0.1139
0.1328,0.1539,0.1753,0.1990,0.2233,0.2479,0.2729,0.2982,0.3240,0.3493
0.3758,0.4000,0.4259,0.4503,0.4749,0.4997,0.5229,0.5458,0.5676,0.5900
0.6115,0.6331,0.6535,0.6740,0.6946,0.7143,0.7334,0.7525,0.7710,0.7883
0.8050,0.8223,0.8380,0.8534,0.8691,0.8821,0.8939,0.9048,0.9144,0.9223
0.9291,0.9354,0.9413,0.9463,0.9511,0.9550,0.9589,0.9623,0.9651,0.9678
0.9702,0.9725,0.9743,0.9764,0.9782,0.9799,0.9812,0.9826,0.9835,0.9845
0.9855,0.9866,0.9875,0.9882,0.9888,0.9895,0.9899,0.9903,0.9907,0.9911
0.9916,0.9920,0.9922,0.9926,0.9930,0.9933,0.9936,0.9939,0.9941,0.9945
0.9946,0.9949,0.9952,0.9955,0.9958,0.9961,0.9964,0.9966,0.9967,0.9970
0.9973,0.9975,0.9977,0.9979,0.9981,0.9983,0.9985,0.9988,0.9990,0.9992
0.9993,0.9995,0.9997,0.9998,0.9999,1.0000,1.0000,1.0000,1.0000,1.0000
swc2u2fract=0.0003,0.0006,0.0009,0.0011,0.0013,0.0016,0.0019,0.0022
0.0025,0.0028,0.0031,0.0033,0.0037,0.0042,0.0046,0.0054,0.0066,0.0085
0.0121,0.0173,0.0233,0.0315,0.0408,0.0523,0.0655,0.0802,0.0962,0.1150
0.1347,0.1562,0.1783,0.2008,0.2245,0.2495,0.2744,0.2998,0.3252,0.3511
0.3766,0.4014,0.4260,0.4522,0.4767,0.5012,0.5246,0.5472,0.5693,0.5918
0.6134,0.6347,0.6555,0.6760,0.6967,0.7166,0.7353,0.7538,0.7717,0.7896
0.8059,0.8224,0.8377,0.8532,0.8672,0.8798,0.8914,0.9018,0.9113,0.9196
0.9268,0.9329,0.9384,0.9436,0.9482,0.9524,0.9563,0.9595,0.9623,0.9652
0.9678,0.9701,0.9725,0.9743,0.9763,0.9780,0.9795,0.9809,0.9822,0.9836
0.9846,0.9856,0.9865,0.9872,0.9881,0.9887,0.9894,0.9900,0.9905,0.9909
0.9913,0.9918,0.9922,0.9925,0.9928,0.9932,0.9935,0.9939,0.9943,0.9945
0.9947,0.9950,0.9953,0.9956,0.9959,0.9962,0.9965,0.9967,0.9969,0.9971
0.9974,0.9976,0.9978,0.9979,0.9982,0.9983,0.9985,0.9988,0.9989,0.9992
0.9994,0.9995,0.9997,0.9998,0.9999,0.9999,1.0000,1.0000,1.0000,1.0000
swc2x1fract=0.0002,0.0003,0.0005,0.0007,0.0009,0.0012,0.0015,0.0017
0.0019,0.0022,0.0024,0.0027,0.0030,0.0034,0.0037,0.0042,0.0053,0.0076
0.0114,0.0164,0.0230,0.0321,0.0425,0.0559,0.0713,0.0874,0.1053,0.1244
0.1453,0.1671,0.1904,0.2138,0.2379,0.2626,0.2880,0.3134,0.3387,0.3635
0.3898,0.4143,0.4396,0.4637,0.4877,0.5117,0.5354,0.5587,0.5817,0.6041
0.6259,0.6462,0.6672,0.6861,0.7055,0.7247,0.7439,0.7620,0.7804,0.7972
0.8143,0.8301,0.8461,0.8608,0.8747,0.8879,0.8991,0.9100,0.9185,0.9266
0.9339,0.9400,0.9456,0.9504,0.9546,0.9586,0.9621,0.9651,0.9680,0.9707
0.9729,0.9752,0.9771,0.9787,0.9802,0.9817,0.9830,0.9844,0.9854,0.9864
0.9872,0.9879,0.9887,0.9893,0.9900,0.9904,0.9909,0.9913,0.9917,0.9920
0.9924,0.9928,0.9931,0.9934,0.9937,0.9940,0.9944,0.9946,0.9949,0.9952
0.9955,0.9958,0.9960,0.9963,0.9966,0.9968,0.9969,0.9971,0.9973,0.9975
0.9977,0.9979,0.9981,0.9983,0.9985,0.9987,0.9989,0.9991,0.9993,0.9995
0.9997,0.9999,1.0000,1.0000,1.0000,1.0000,1.0000,1.0000,1.0000,1.0000
swc2x2fract=0.0003,0.0005,0.0007,0.0009,0.0012,0.0015,0.0017,0.0020
0.0023,0.0026,0.0028,0.0031,0.0035,0.0038,0.0042,0.0049,0.0062,0.0086
0.0124,0.0181,0.0260,0.0356,0.0472,0.0604,0.0755,0.0926,0.1114,0.1316
0.1528,0.1752,0.1988,0.2231,0.2482,0.2736,0.2986,0.3234,0.3485,0.3740
0.3994,0.4241,0.4486,0.4723,0.4957,0.5198,0.5425,0.5660,0.5881,0.6100
0.6308,0.6520,0.6720,0.6924,0.7125,0.7307,0.7488,0.7666,0.7842,0.8018
0.8182,0.8336,0.8491,0.8628,0.8764,0.8891,0.9004,0.9107,0.9196,0.9272
0.9336,0.9400,0.9452,0.9502,0.9544,0.9582,0.9618,0.9644,0.9672,0.9698
0.9724,0.9748,0.9766,0.9785,0.9803,0.9815,0.9828,0.9840,0.9849,0.9858
0.9870,0.9880,0.9887,0.9894,0.9899,0.9906,0.9911,0.9916,0.9921,0.9925
0.9928,0.9932,0.9936,0.9939,0.9942,0.9944,0.9947,0.9950,0.9953,0.9955
0.9959,0.9962,0.9965,0.9968,0.9970,0.9973,0.9976,0.9978,0.9980,0.9982
0.9985,0.9987,0.9990,0.9992,0.9993,0.9995,0.9998,0.9998,0.9999,1.0000
1.0000,1.0000,1.0000,1.0000,1.0000,1.0000,1.0000,1.0000,1.0000,1.0000
swc2v1fract=0.0002,0.0004,0.0007,0.0008,0.0011,0.0013,0.0016,0.0018
0.0022,0.0025,0.0027,0.0030,0.0033,0.0036,0.0040,0.0045,0.0054,0.0072
0.0103,0.0149,0.0206,0.0278,0.0366,0.0478,0.0604,0.0752,0.0912,0.1092
0.1283,0.1490,0.1710,0.1948,0.2179,0.2425,0.2677,0.2934,0.3202,0.3454
0.3710,0.3971,0.4227,0.4478,0.4730,0.4979,0.5215,0.5450,0.5682,0.5898
0.6132,0.6347,0.6550,0.6756,0.6962,0.7152,0.7330,0.7526,0.7705,0.7881
0.8045,0.8209,0.8363,0.8516,0.8660,0.8794,0.8920,0.9027,0.9126,0.9207
0.9279,0.9339,0.9398,0.9449,0.9495,0.9537,0.9576,0.9609,0.9642,0.9672
0.9697,0.9719,0.9739,0.9758,0.9777,0.9792,0.9807,0.9822,0.9833,0.9845
0.9858,0.9867,0.9876,0.9885,0.9892,0.9897,0.9903,0.9909,0.9913,0.9917
0.9921,0.9925,0.9930,0.9932,0.9937,0.9940,0.9943,0.9946,0.9950,0.9953
0.9956,0.9958,0.9961,0.9964,0.9966,0.9969,0.9970,0.9973,0.9975,0.9978
0.9980,0.9983,0.9984,0.9986,0.9988,0.9990,0.9992,0.9994,0.9995,0.9997
0.9998,0.9999,1.0000,1.0000,1.0000,1.0000,1.0000,1.0000,1.0000,1.0000
swc2v2fract=0.0003,0.0005,0.0008,0.0011,0.0014,0.0017,0.0021,0.0023
0.0026,0.0030,0.0033,0.0037,0.0040,0.0044,0.0048,0.0058,0.0072,0.0100
0.0142,0.0202,0.0277,0.0370,0.0483,0.0618,0.0772,0.0943,0.1129,0.1334
0.1548,0.1765,0.2008,0.2243,0.2486,0.2732,0.2983,0.3233,0.3499,0.3751
0.4002,0.4256,0.4508,0.4746,0.4984,0.5220,0.5460,0.5690,0.5898,0.6111
0.6320,0.6528,0.6725,0.6925,0.7121,0.7307,0.7492,0.7669,0.7837,0.8005
0.8178,0.8339,0.8496,0.8639,0.8780,0.8898,0.9007,0.9104,0.9191,0.9264
0.9328,0.9387,0.9438,0.9483,0.9525,0.9562,0.9600,0.9633,0.9659,0.9690
0.9714,0.9736,0.9756,0.9772,0.9788,0.9804,0.9818,0.9831,0.9843,0.9853
0.9861,0.9871,0.9880,0.9889,0.9896,0.9902,0.9907,0.9913,0.9917,0.9921
0.9924,0.9928,0.9932,0.9935,0.9938,0.9942,0.9945,0.9948,0.9950,0.9953
0.9956,0.9958,0.9961,0.9964,0.9966,0.9969,0.9973,0.9976,0.9980,0.9981
0.9983,0.9985,0.9987,0.9989,0.9991,0.9993,0.9994,0.9995,0.9997,0.9999
1.0000,1.0000,1.0000,1.0000,1.0000,1.0000,1.0000,1.0000,1.0000,1.0000
